> tau_ci
         tau[1]    tau[2]    tau[3]
2.5%  -0.589231 0.1338646 0.2382637
97.5%  1.072399 1.1902652 1.4182618


nck <- rep(20, K)
ntk <- c(5,20,20)
