> tau_ci
         tau[1]    tau[2]    tau[3]
2.5%  -0.589231 0.1338646 0.2382637
97.5%  1.072399 1.1902652 1.4182618


nck <- rep(20, K)
ntk <- c(5,20,20)

> Xtk
, , 1

     [,1] [,2] [,3] [,4] [,5] [,6] [,7] [,8] [,9] [,10] [,11] [,12] [,13] [,14] [,15] [,16] [,17] [,18] [,19] [,20]
[1,]    1    1    1    1    1    0    0    0    0     0     0     0     0     0     0     0     0     0     0     0
[2,]    1    1    1    1    1    1    1    1    1     1     1     1     1     1     1     1     1     1     1     1
[3,]    1    1    1    1    1    1    1    1    1     1     1     1     1     1     1     1     1     1     1     1

, , 2

          [,1]      [,2]     [,3]      [,4]      [,5]      [,6]     [,7]       [,8]      [,9]    [,10]       [,11]    [,12]     [,13]
[1,]  4.895663  3.116110 7.885200 -1.311508 1.7966551 0.0000000 0.000000  0.0000000 0.0000000 0.000000  0.00000000 0.000000  0.000000
[2,]  1.420494 -4.797343 1.588273  2.075571 1.0650330 3.0912081 4.329898  0.0496492 0.6765331 2.613958 -0.04062648 1.755549 -3.992781
[3,] -3.237884  2.532478 4.210006  5.074420 0.8701084 0.5987008 5.665946 -3.1701985 0.2768761 2.780894 -3.02976654 2.282958  6.758019
         [,14]      [,15]      [,16]      [,17]    [,18]    [,19]      [,20]
[1,]  0.000000  0.0000000  0.0000000  0.0000000 0.000000 0.000000  0.0000000
[2,] -1.635719 -2.2177153 -0.8901464 -0.4412527 2.570454 4.249916 -0.5366739
[3,]  1.488630  0.7203287  2.8297528  0.7185979 3.777521 4.032419  1.5075367

, , 3

     [,1] [,2] [,3] [,4] [,5] [,6] [,7] [,8] [,9] [,10] [,11] [,12] [,13] [,14] [,15] [,16] [,17] [,18] [,19] [,20]
[1,]    0    1    1    1    0    0    0    0    0     0     0     0     0     0     0     0     0     0     0     0
[2,]    1    1    1    1    1    1    1    0    0     0     1     0     1     0     1     1     0     1     0     1
[3,]    1    0    1    0    1    1    0    1    1     0     1     1     1     1     0     1     1     1     0     0
